__content_filter_migrated=1
bcs.brightness=-0.500000
bcs.contrast=2.000000
bcs.saturation=2.000000
stereo_to_vr180.fisheye_strength=0.070000
stereo_to_vr180.zoom_out=0.600000
vr180_mono.defisheye_strength=0.714000
vr180_mono.output_fov_deg=103.040000
